201
Lgig-opnUnk_AA                                    0.0000000 2.5759440 2.8394604 2.8990420 3.1889412 2.8969595 2.7497686 2.5978661 2.4437280 2.1814042 2.6282025 2.6669966 2.6669966 4.3101428 3.2762832 3.7920311 3.4085581 3.3124786 3.4946500 3.1598887 3.0103070 3.8508510 4.0007823 2.3779465 2.9613221 2.8070627 2.3581861 2.3871064 2.3391931 2.6028955 2.6610780 2.3003937 2.2789657 3.3648379 2.6472346 2.3190296 2.4836571 3.0797519 3.0798142 3.0982331 2.8818945 3.3903312 3.0845454 2.8682892 2.6888052 2.7631421 2.3901080 2.3947732 3.1844040 3.3796943 3.5679913 3.3982719 2.8099840 2.7625680 2.8552382 2.8343884 3.7075512 3.1039550 3.4838917 2.8520920 2.3949003 2.9044965 3.3158099 3.5004843 2.9240094 2.9456073 3.2669269 2.6820779 2.3587142 3.1615440 3.1615440 3.3875183 3.3875183 3.0469818 3.2466716 3.3901255 3.3060759 3.4661931 3.4339093 2.8691418 2.8047524 3.4338422 2.9158669 2.8857444 2.6096801 2.9707461 2.7704029 2.9751899 3.1086304 2.8295518 2.6342859 3.3123354 2.8972014 3.2068856 3.1340806 3.4152466 2.9465030 2.8863536 2.1728353 2.4287809 2.5150754 2.4374779 2.2070411 2.2862451 2.3985341 2.3216581 2.2696930 2.2703672 2.5501319 3.1965404 3.4447141 3.9328318 3.5269962 4.1092054 3.8718137 3.1545674 3.5516926 3.4978247 3.3294235 3.4330529 3.6454921 4.1491871 3.6791145 3.6364390 3.5106087 4.0558934 3.5947641 4.4631690 4.2063612 3.6404365 5.0295333 7.0001493 6.0994511 4.6201489 5.1144449 4.7011426 5.4646739 6.1115722 7.1559258 6.5014876 5.5967109 4.9564386 5.5810092 5.5595470 5.3133160 7.0240789 5.9728145 5.0992736 5.8508359 5.1342158 5.5004846 5.6464783 5.9243710 6.0254374 5.4407339 5.6620121 4.7019636 6.3434815 5.2162258 6.5596933 6.5456128 6.8165150 5.3076797 6.3104275 5.5625069 5.2728253 5.4642011 4.5184609 3.4411376 4.1202183 6.2247326 5.9031999 5.2483760 5.8423805 7.4165623 5.3892397 6.3803933 5.7887931 5.7886978 7.1847957 5.8298782 6.6427096 6.8704226 5.6393380 6.5150398 5.4366272 6.3926446 6.4332073 4.7915323 5.8004550 5.0731036 4.6401728 3.3256133 3.6593176 3.6554687 6.5761025 5.1906125 5.0834250 7.5380190 5.1158619 5.4206448 
Acal-opn5_partial_AA                              2.5759440 0.0000000 1.6258981 0.3812586 2.0276484 1.3524628 0.8883515 1.9939420 1.9840940 1.9569365 1.9277642 1.8209899 1.8209899 4.5085309 6.0836908 5.2311199 4.3520943 5.6542271 6.1019231 5.8602901 4.6738636 6.3964516 6.7504129 2.7885827 3.1003950 2.8814220 2.9854053 3.2434160 3.4820169 3.2324433 2.9608499 3.2419415 3.2770258 3.7963178 2.3026499 3.5279587 2.8878884 3.8257188 3.6662197 2.5937297 2.6633101 2.8862625 2.1189408 2.2467895 2.6547516 2.3583339 2.8771997 2.9810546 2.2848790 2.8857600 2.9267891 2.3695714 2.5192279 2.9579622 2.6564722 2.9420092 3.5344666 2.9371124 3.1474193 3.1304480 2.4626536 3.5156236 2.8758088 3.3689978 3.7306358 3.7306358 3.1428123 2.5086964 2.1444498 3.5469620 3.5469620 2.6440400 2.6440400 3.2901449 3.1840404 2.6019733 2.3300343 2.8067335 3.6509666 4.4167373 3.1678344 3.9726171 2.4388069 2.3619662 3.3661886 3.6286230 2.2801284 2.7973773 2.7019845 2.9042688 2.5223136 3.1435691 2.5789462 2.5248012 2.6972273 2.2834951 2.6238178 2.8660175 2.3383380 2.7093201 2.9201770 2.8557866 2.6698595 2.6884509 2.6853105 2.6913596 2.7036470 2.6266412 2.7882074 4.1618130 2.8589904 4.5827728 3.7652961 3.9695447 4.4559791 4.3565790 4.1867657 4.6155309 3.8527840 3.9419342 3.9060856 4.8913276 3.5185009 3.4043610 4.1578527 4.0343779 3.8208209 6.5332147 5.6114974 4.5174530 6.7077253 5.4384674 6.8144086 7.1209379 7.5988112 7.9384889 5.6227590 6.6156493 7.5674700 7.1559411 6.5309548 5.4795072 7.1051063 5.8685892 5.5963699 6.7233895 6.3146892 5.6081483 6.2447007 5.6036131 6.3438705 6.4396490 6.8518720 7.9400980 6.1070424 5.6535710 5.4268347 7.2141087 5.7344132 8.5841188 6.5449914 7.1325879 5.8288911 6.9554464 6.2611322 5.1325495 3.1243357 5.8335172 4.3421829 6.0669102 6.0976883 4.9775433 5.5025185 6.2215522 7.1493920 6.9069505 7.2107328 7.2188904 5.5900674 6.0318240 6.1632465 6.4136200 6.4702587 7.1391425 5.3381670 5.7191975 6.2868501 7.5522395 5.8571488 6.7797046 5.5994692 6.0604331 5.0038028 4.6041743 4.6275959 5.4971792 5.5782893 3.4031538 6.1612236 8.0716130 5.8716065 
Aval-opn5a_AA                                     2.8394604 1.6258981 0.0000000 2.1466625 2.4610669 1.9663703 1.9105146 2.1213341 2.2056863 2.1038357 2.2365278 1.8634811 1.8634811 3.9399449 3.9272343 3.9993021 3.8297363 3.7935731 3.9689055 4.5621703 4.0838977 4.7847510 4.7745609 2.9398904 3.2964342 3.2770425 3.1353627 3.1467488 2.5964815 2.5439349 2.6553437 2.6976450 2.8785761 3.4641908 2.5711462 2.6587057 3.0519664 3.0707051 2.8742257 3.0387109 2.7017439 2.8456404 3.0614633 2.7148800 3.0377021 2.9124159 2.7735299 2.8765136 2.5481174 2.4978194 2.5569183 2.7940259 2.7907896 3.2600268 2.9594749 3.3217823 3.0136555 3.1458357 3.0027048 2.7681991 2.8919136 3.0291590 3.1301064 3.0850434 3.0501209 3.0141546 3.2566000 2.7901547 2.3776603 3.3544454 3.3544454 3.0431014 3.0431014 3.0659958 3.0420023 3.4642100 2.6535349 2.6085075 3.6858442 3.1208740 2.9808027 3.3954959 3.2135793 2.9277039 3.5596245 3.6669923 2.6067386 3.1606815 2.9367312 2.9216230 2.4952142 3.5504706 2.5220425 3.5122458 2.9962223 2.5542332 2.8079862 3.1903897 2.7303157 2.5748053 2.8861627 2.8554051 2.8635509 2.6920095 2.6579407 2.5897061 2.5698171 2.4798986 2.7276921 4.3425174 3.9272180 4.4723269 4.2445373 3.9772636 3.8923809 4.1749828 3.8554311 3.9945459 4.0217896 3.6219969 4.0685426 4.3988469 3.7559689 3.8060010 3.9874750 3.6527777 4.7135235 5.3817431 4.0191303 3.5116920 5.0706724 4.9860349 7.3031086 5.6738699 5.8162132 6.0920300 4.8813916 6.8979543 4.5803028 6.8554048 6.9347341 4.2313975 5.0454904 6.2051129 5.4081495 5.0497564 6.5394003 5.9350486 6.2676911 4.0879679 6.7093416 6.6906454 5.2581603 4.4972273 5.8744533 4.6352988 5.3344369 7.6925253 6.8851977 4.0768013 6.3766553 5.3428936 4.0710261 4.5817033 4.3680035 5.3763906 4.7432814 5.3224849 4.0442874 4.3837657 6.9807645 6.5135947 5.2335055 6.5652323 5.1281825 5.0418911 4.4993401 5.5045423 6.7243649 5.2125409 5.0470888 4.6725360 6.7875159 4.9808563 4.9373207 4.7871098 7.8531820 4.8805655 5.3337508 4.5146986 4.6755989 4.9056757 3.9582412 4.1452798 4.1380734 6.1274238 5.5105780 5.5155725 4.8158013 4.6274998 5.8434889 
Aval-opn5b_AA                                     2.8990420 0.3812586 2.1466625 0.0000000 2.0544282 1.5774033 1.0812610 2.1907091 2.1190939 2.1826313 2.2530606 2.1558540 2.1558540 4.1863977 4.5772720 4.5090578 3.8573138 4.2553624 5.2536465 4.5736020 4.4783501 5.1667030 5.3457178 2.9106412 2.9842480 3.1381795 2.9597871 3.0742221 2.7779449 3.0683338 2.8279849 3.0975649 3.0761542 3.3965942 2.6056615 2.9928485 2.5854449 3.1546919 3.0848651 2.8256075 2.6715830 3.0217013 2.6910636 2.4773045 2.5090781 2.6926025 2.8166976 2.9669534 2.9220137 3.1215677 3.1316484 2.9281929 2.6442990 3.1729485 2.7031800 2.6991142 3.2045325 3.1540977 3.5144660 2.7057721 2.6516242 3.4484657 3.4189216 3.9940008 3.5621980 3.5875492 3.7280408 2.6939813 2.4080269 2.9585776 2.9585776 2.7342781 2.7342781 2.9422795 2.7533076 2.8903060 2.9481825 3.0095511 3.3052776 3.4857685 3.4751186 3.9354066 2.9293356 3.1066865 3.2156210 3.5796738 2.7425244 2.9090564 3.2314492 2.8137563 2.8377381 3.3536606 2.6618817 2.9121157 2.9427189 2.8455889 2.7277257 2.7552052 2.4787509 2.6539900 3.0300659 2.8149462 2.6582950 2.6704268 2.6386672 2.7074324 2.7465774 2.6483829 2.9013482 4.1431463 3.6934087 4.7080670 3.4641508 4.1907204 3.8601999 4.2534224 4.3693214 4.1504051 4.2178792 4.1892211 4.2980965 4.8315545 3.5422606 3.3812666 3.6252117 3.0637704 4.6918681 6.9524543 4.4958803 4.4979250 7.1790144 7.2983310 8.9999986 6.4555897 7.0505333 6.2367532 5.5206270 8.4908754 7.0970709 8.0138193 8.6713999 6.7322676 7.8931703 7.2021354 7.0678479 7.7456308 8.1962694 6.5285871 8.7082559 6.3588468 8.3307893 7.7299476 8.3820694 7.4385941 6.8476188 7.1034616 6.4709706 8.9999981 5.9289888 7.7517511 7.7184834 7.7779838 6.9191290 7.5608891 6.8181206 5.4401940 4.0752648 5.1843072 4.3924809 5.4654776 8.9999984 8.1001122 7.7195529 8.1819328 7.9755051 8.4406210 7.6302304 7.5350306 7.6763485 6.7306796 6.3827556 7.4110983 7.8364236 7.7440413 6.4425315 7.7818674 8.6633562 7.1016944 6.6529196 7.5717407 5.2541050 6.2630541 4.1410681 4.0138442 3.9114857 5.1897003 7.3000720 3.9331098 6.7190621 5.3570214 7.0817074 
Lgig-XP_opn5b_AA                                  3.1889412 2.0276484 2.4610669 2.0544282 0.0000000 1.6973692 2.0773319 2.0352291 2.1024089 2.0666295 2.1072418 2.2577359 2.2577359 4.8106708 5.2387031 5.5127668 4.0692076 4.6428804 5.2634949 4.5524418 4.2742521 4.8499731 4.9068045 2.6973349 3.5634489 3.4921383 3.0984633 3.0024595 3.0344486 2.9743583 2.8061291 3.4778237 3.4310799 4.3509678 2.9261093 2.8889653 2.9613512 3.0922774 3.2029921 2.9578064 2.8169081 2.9602195 3.5920076 2.4081518 3.1925487 2.9656933 2.8602463 2.8947916 2.9665104 2.9861418 2.9437040 2.8850401 2.8729154 3.5859583 2.9671065 3.1411066 3.5131963 3.2160592 3.5821333 3.1528386 3.1890548 3.4616479 3.1427049 3.7994629 3.6332897 3.6014588 3.9804326 3.5001573 3.0988644 3.4672422 3.4672422 3.0129701 3.0129701 3.2732668 3.2666705 3.5355988 3.5156934 3.5252605 3.5266152 3.9808028 3.3313814 4.0475592 3.1921329 3.3525211 3.4854776 3.2201251 2.8084348 3.3417160 3.3141230 3.7580971 3.4775341 4.2133561 2.9946815 2.8504823 2.9431054 3.4698127 3.2813203 3.0528391 3.0786853 2.7631470 3.1577058 3.1756790 3.0108619 2.8733629 3.0147628 3.1186540 3.2164033 3.0852104 3.0718719 3.8636048 4.0600902 4.5006689 3.5608534 4.1014745 4.4203603 4.3337438 4.6976488 4.1459504 4.2698989 4.0352562 4.1028004 4.8581007 4.0566255 4.1118658 4.1862637 3.2479588 4.3965677 5.3330537 4.5561106 4.2914811 7.5467295 8.6864653 8.3834746 5.5689448 8.3297133 6.2116192 5.6722482 7.4818908 7.1366112 7.3186233 8.0272554 7.1579809 8.8055029 6.5670295 6.0759199 7.9872642 8.3165462 7.5266827 8.4879020 6.3050314 8.1790750 7.5941103 7.0330497 7.0581314 6.4116830 8.1368384 6.7454474 8.9999985 7.0206432 7.4746984 8.7801395 8.9999987 6.6865455 6.9595325 6.4601728 5.4766836 5.2190822 4.9258100 4.2813400 5.2873202 7.8618679 8.3269655 7.6545782 8.4858983 7.1617570 6.8767651 7.1693231 8.8765863 7.0778552 6.7107442 7.3317384 6.4079757 8.9999986 8.9999990 8.5963717 8.7323029 8.9999985 7.4048888 6.6938444 7.8148966 5.0634859 5.9063885 4.4769571 4.0800651 4.3182121 6.5794613 5.8573357 6.0671424 7.6043303 4.5214012 8.6688202 
Lgig-opn5a_AA                                     2.8969595 1.3524628 1.9663703 1.5774033 1.6973692 0.0000000 1.2898324 1.6583175 1.7706038 1.6081352 1.8241238 1.7104658 1.7104658 4.1397633 4.0184859 4.1165528 4.0145945 4.0663833 4.0784480 3.9310235 3.3457134 4.5721618 4.5608435 2.6282908 2.8186725 2.6608600 2.8500884 2.6312698 2.3633905 2.5772244 2.2941409 2.7984268 2.9158253 4.1711113 2.7206497 2.6529495 2.4704425 3.0194555 2.7729520 2.9909640 2.5770301 2.9383363 2.9284602 2.8426991 3.1777268 2.6811599 3.0893899 3.1555170 3.0767423 3.0850956 3.3886585 2.9136531 2.9094198 2.7426813 3.1238375 2.9012415 3.5176063 3.0528649 3.2056488 2.8914197 2.4265742 3.4835611 3.2820328 3.5995946 3.1259009 3.0893142 2.8566481 2.6728964 2.4589917 3.1185899 3.1185899 2.9971001 2.9971001 2.8416421 2.7150235 3.5890462 3.1228738 3.1570059 3.4677190 2.9369924 2.8210821 3.5871850 2.8772314 2.9730690 3.1289774 3.2233334 2.6740088 2.6699579 2.8130254 2.7975033 2.6824147 3.6103270 2.8252674 2.8516389 3.0352423 2.9986698 3.0166171 2.7533419 2.5918981 2.4454329 2.8736430 2.7383001 2.5966030 2.4888238 2.5337073 2.5667546 2.5533942 2.5345831 2.5668924 3.4851056 3.6207827 4.3775874 3.6409809 4.0769870 3.9298776 3.9381036 4.0015639 3.8487834 3.9669186 3.3782818 3.6594316 3.8140266 3.5871397 3.7023954 3.6303408 3.0030733 4.5450350 5.5384458 4.3832518 4.1252794 6.3083436 6.2919244 5.7053245 5.0316686 6.7456957 5.6046042 4.8521815 6.7622442 5.3586743 7.0085290 5.7925049 6.6761107 6.7952586 5.9348123 5.0483637 6.1746507 5.6648354 6.6043582 6.6299174 5.3087219 6.5682375 6.1072128 5.9550573 5.4760836 5.7915789 6.9591210 5.7991011 7.0178961 6.2745153 5.6776276 6.6419148 6.8691598 5.2027590 7.3501745 5.0914147 4.8719896 4.5325436 4.9750419 4.1548415 4.7227341 6.5848685 6.3570947 6.6192592 6.2631501 6.7558774 6.2532054 5.2545984 5.3257817 6.1079580 5.5199177 5.4791118 5.2922050 6.9350731 8.0069029 5.9500463 7.9726055 7.5256071 5.6203383 5.7702207 5.9801718 5.3897416 5.7950176 4.1666500 3.7582551 3.7436896 6.6316756 5.1329192 4.5503558 5.7694949 4.2421992 6.7724970 
Pcan-opn5_AA                                      2.7497686 0.8883515 1.9105146 1.0812610 2.0773319 1.2898324 0.0000000 1.7749199 1.7598040 1.7798516 2.0761420 2.0043478 2.0043478 5.0030253 3.8331531 3.8134112 3.9422351 3.7757825 4.4365253 4.4553207 4.1250758 5.2888972 5.3525857 3.0351857 3.1065990 2.7893723 2.7581235 2.8634256 2.5092017 2.9428064 2.5878034 2.6848551 2.6471151 4.3471142 2.9705704 2.7256783 2.5473550 3.3465846 3.1303930 3.0803516 2.7928323 2.9878009 2.9765250 2.5903997 2.9519103 3.1068431 3.0184487 2.9179367 2.9980954 3.4341930 3.2075297 3.4922215 2.6833562 3.2058027 3.1187934 3.1127382 3.3444630 3.1438583 3.3146658 2.8690229 2.3946752 3.6663416 3.2549685 3.7815891 3.5464555 3.5957260 3.2665909 2.6928914 2.3503363 3.5247821 3.5247821 2.9231471 2.9231471 2.9560696 2.7375374 3.3035334 3.1868805 2.9602332 3.2844852 3.5466029 3.6329722 3.3446209 2.7096186 2.5435212 3.1664791 3.3279128 2.8502392 3.0216901 2.8037704 3.0325452 2.8876323 3.4337413 3.1325958 2.5675711 2.7570122 2.7619414 2.9897816 2.6195840 2.8277951 2.7055844 2.9868186 2.7593747 2.9106799 2.6885825 2.6551825 2.7654072 2.7828997 2.5445953 2.7257571 3.9256881 3.2311221 4.6882527 3.4453445 4.2341398 4.5819593 4.1923355 4.3149256 4.3317510 3.8546192 3.8049967 4.1003690 4.1993937 3.4987745 3.3803573 3.3620776 3.4257557 4.4938617 6.4860970 3.8658508 3.9387523 7.2453131 6.8062297 6.4330261 5.6410781 6.0020576 5.8611306 6.8781441 6.7876729 8.1764366 7.6856725 6.3690164 5.4536587 6.9352100 6.7815657 5.5817450 7.6517786 5.5890026 6.1060342 6.7098920 5.7083606 6.6389965 5.3039503 7.2521756 8.0173176 6.0815734 6.2931756 5.9551834 6.6749013 7.5169076 7.9380704 6.3206403 5.9974159 6.0322609 6.3371721 7.2876004 5.7930824 4.2809386 5.4899478 4.7761684 5.4355612 6.5752168 6.2261667 6.1405666 6.3187893 7.4358148 6.7451637 7.0110727 6.5427444 5.6232754 6.7944172 7.2652929 6.8527746 6.7384324 6.0352947 6.3856970 6.2808252 7.1359886 7.0883299 6.2392534 6.5369695 5.2201070 6.6645145 4.1270505 3.4208384 3.2941611 5.4357178 5.7967087 3.9256425 7.8854132 4.8080076 6.0813159 
Cgig-opn5_AA                                      2.5978661 1.9939420 2.1213341 2.1907091 2.0352291 1.6583175 1.7749199 0.0000000 0.8275472 0.7176207 0.7614182 1.2338904 1.2338904 3.6112679 4.3497432 4.1408192 3.6003160 4.1170365 3.8754186 3.5986095 3.4414893 4.2146396 4.2239188 2.4578885 2.8105770 2.6179573 2.4847069 2.3485770 2.6860145 2.4830935 2.6533307 2.6658959 2.7125758 3.6031644 2.4387480 2.6750009 2.4031326 2.4955580 2.5884461 2.4400052 2.6328158 2.9594612 2.5347392 2.5039002 2.8180688 2.5522500 2.6810621 2.1197321 2.7026189 2.1492079 2.8376258 2.3712406 2.1419045 2.2556546 2.7142945 2.7240530 2.8473350 2.4642607 2.9838423 2.4796432 1.9275314 3.1944432 2.6351753 3.1112808 2.7497261 2.7174395 2.9009015 2.4090122 2.3834806 2.5554764 2.5554764 2.5960221 2.5960221 2.3283427 2.4085838 3.1894039 2.8486115 2.9878812 2.8757677 2.7751325 2.6273995 3.0564013 2.2302360 2.2608730 2.7597963 2.8508913 2.4649229 2.7020951 2.8948663 2.6147193 2.6080287 3.0297092 2.1754978 2.4155756 2.2155878 2.9953832 2.4955884 2.5138959 2.1721748 2.4465813 2.6091402 2.5958771 2.7275141 2.2915432 2.3718604 2.3207544 2.4199373 2.3188845 2.6732130 3.6812197 3.4720509 3.7455192 3.5467203 3.7551419 3.7733404 3.5184547 3.6811698 3.7161455 3.6042515 3.6438640 3.7919166 3.6664786 3.6387485 3.6138194 3.3844677 3.3776406 4.3905059 5.3811668 3.7141376 3.7272394 6.4969833 6.1811156 6.4130295 4.3832796 6.2692212 4.8666197 4.4168639 6.0209086 5.4014626 7.3876595 5.9195506 5.1005539 6.0184532 6.3423590 4.8298197 6.1211235 6.4381026 5.7137400 6.3330582 5.2079215 5.5759969 6.4404006 5.7484954 5.2914360 6.0674342 5.4797601 5.6665961 6.3725865 5.0852669 5.2986122 5.9165049 5.6427734 4.9212059 5.4637906 5.6456766 5.2241462 5.1093613 4.6237891 3.4678787 4.5317279 5.7052415 6.0182909 5.8892299 5.9206542 5.9369064 5.1659980 5.6182390 6.4540177 5.8537709 5.2240413 6.1210126 5.2692375 6.2832204 5.7379368 5.4609004 5.2642369 6.3160447 5.4465324 5.9285285 5.2076447 4.8685026 5.7416982 3.4260857 3.7257485 3.6664486 5.4151146 4.7744387 5.1994817 5.9169010 4.3488040 5.9796329 
Pmax-opn5_AA                                      2.4437280 1.9840940 2.2056863 2.1190939 2.1024089 1.7706038 1.7598040 0.8275472 0.0000000 0.7524404 0.8872166 1.2379369 1.2379369 3.5907018 4.9014192 4.3584214 4.1558621 4.0204109 3.7728477 3.9608453 3.0927845 4.6698010 4.7777767 2.2250700 2.6236461 2.4906722 2.4496611 2.4086492 2.2479910 2.5694459 2.7042784 2.6624581 2.6985776 3.2643483 2.5730195 2.5920186 2.6012358 2.5730044 2.5252393 2.5578722 2.8640393 3.1038948 2.9016322 2.5331736 3.1990436 3.0137808 2.7807573 3.0147590 3.1906910 3.0113391 3.2985793 2.9526858 2.2568200 2.6610545 2.9732645 3.1624220 3.3709698 2.6187633 2.9430944 2.7437453 2.3524830 2.9506704 3.0513934 2.7547353 2.9822360 3.0026958 2.9864665 2.5518520 2.3133160 2.7563867 2.7563867 2.4562392 2.4562392 2.5556616 2.5278925 3.2496755 3.2201874 3.3323670 3.0571163 2.7282221 3.0104520 3.3037741 2.4601819 2.4096039 2.9190609 2.7812377 2.2824907 2.6511044 3.0124395 2.7790463 2.5346497 3.2057906 2.4162934 2.5659585 2.5245347 2.5873620 2.4283629 2.8648207 2.1476781 2.4310758 2.7118419 2.6168966 2.6067372 2.2445190 2.5774669 2.5089176 2.4984980 2.4324420 2.4707705 3.5136320 3.7067352 3.7136328 3.3002386 3.5233354 4.0515761 3.5930988 3.7987515 3.7231517 3.6992062 3.3510592 4.0129964 3.9930491 3.4241123 3.5291146 3.3859870 3.3424012 4.3784547 5.4408287 3.9644777 3.7044978 7.2855191 5.2143645 7.0110927 4.2927918 5.9982537 5.4280844 4.9598009 5.9204916 5.2382028 7.1120811 6.7017535 5.3525791 5.6256016 6.7168167 5.2469815 5.6385287 6.6391718 5.8637384 6.9993769 4.5541328 6.8313410 6.3636171 6.2128139 5.1525497 6.2268604 5.9114387 5.7163055 7.7717646 6.5011753 5.9178574 5.4727688 5.5730511 4.7296207 5.4390392 5.0833244 4.9303435 4.7546168 4.9912583 3.7222611 4.5244874 6.5674846 6.6544006 6.2868161 6.7981447 5.5118689 5.5470973 5.1562877 5.2048343 5.9435977 5.1461465 6.5412965 5.4419284 5.6413800 5.2278336 5.1705266 5.9653986 7.3381706 5.3154236 5.8303147 5.3897354 4.7016835 5.4983012 3.6329367 3.4915290 3.4119074 5.2985991 4.8251779 4.2913220 5.5357072 5.0726639 5.8035360 
Sbro-opn5a_AA                                     2.1814042 1.9569365 2.1038357 2.1826313 2.0666295 1.6081352 1.7798516 0.7176207 0.7524404 0.0000000 0.3321441 1.1556796 1.1556796 3.7078313 4.4412412 3.8665020 3.7098562 3.7613979 3.4749031 3.6556750 3.3058430 4.2518801 4.2538988 2.5496674 3.0341865 2.8536573 2.5169253 2.4592054 2.4636999 2.6214980 2.9728668 2.7595454 2.7059562 3.7507586 2.7951541 2.7914733 2.5574021 2.7383898 2.8671789 2.5090920 2.9544243 3.1345525 2.8456674 2.4945492 3.0450667 3.1688961 3.0302632 2.3694270 2.8258017 2.6420058 3.1729879 2.6886691 2.2106395 2.4195345 3.0849592 3.2844091 2.9950624 2.7982126 2.9731771 2.5865299 2.0707438 3.1657383 2.8641646 3.0353202 2.9330034 2.8986921 3.1266248 2.7728887 2.5138184 2.9623746 2.9623746 2.7455442 2.7455442 2.7716131 2.7046970 3.4747162 3.1091452 3.4377508 3.0663997 2.8174245 2.5485272 2.9865983 2.2369150 2.3411228 2.7065581 2.8890802 2.3299556 2.6820930 2.7690784 2.5789192 2.6024904 3.1167181 2.4593057 2.5958984 2.4729392 2.6091377 2.5519728 2.4652806 2.2818462 2.2314073 2.5560874 2.4166796 2.2970129 2.0771391 2.4099144 2.4618026 2.3664860 2.2126617 2.3114617 3.3618236 3.4431404 3.9386480 4.0468226 4.3266395 3.4532386 3.5340158 3.9937175 4.1012811 3.8123577 3.6266786 4.1835616 3.9523437 3.3633792 3.3571695 3.6951211 3.4683987 4.4131919 4.8937798 3.7146205 3.5122397 6.5800633 5.8848717 7.3511037 5.2198717 5.4404002 5.4812621 5.1017297 6.4859752 5.8701368 6.9115728 6.2552027 4.8703288 6.1352592 5.9428387 5.1262706 6.1253199 6.4204135 5.6205071 6.5014332 5.3041568 6.5779046 6.1150685 6.8742475 5.7621699 5.8593407 5.7588727 5.8632643 6.8797141 5.8861143 5.8594840 5.7015531 5.5286106 5.5481305 5.3609576 6.0500305 5.3056284 4.8169592 4.7878757 3.8049970 4.5417090 6.5529333 6.1003246 5.8213291 6.5035333 6.4030352 5.9340952 5.9217848 5.9098018 6.4358393 5.7713276 6.4736451 6.1528789 6.0611955 5.5687447 5.2533622 5.8601618 7.1463458 5.9054791 6.0388865 5.7566076 5.0300425 5.5663448 3.7969722 3.6606139 3.6156835 6.4453461 4.9612339 5.6932467 6.4286606 4.5544642 6.5127131 
Sbro-opn5b_AA                                     2.6282025 1.9277642 2.2365278 2.2530606 2.1072418 1.8241238 2.0761420 0.7614182 0.8872166 0.3321441 0.0000000 1.2604049 1.2604049 3.7003446 4.6192716 4.0385273 4.0660531 4.1562051 3.5861856 3.4891664 3.3563535 4.8083425 4.8691086 2.7341270 3.0771307 2.9342046 2.3986140 2.6177116 2.7987400 2.5937891 2.8684704 2.8405540 2.9197903 3.9410951 2.9391823 2.8716790 2.5198113 2.8894762 2.8502962 2.5532221 3.1771072 3.5123080 3.0072121 2.6387723 3.3920056 3.0698584 3.1587564 2.3962463 2.6967849 2.5779047 3.2457046 2.8627275 2.3021158 2.5475425 3.4129101 3.7405572 3.0161121 2.7975680 2.9666178 2.8461766 2.2160734 3.1872289 2.8402983 2.9583449 2.8840897 2.8509807 3.3888228 2.6661193 2.6657961 3.3050184 3.3050184 2.9820423 2.9820423 2.8556943 2.8226421 3.3308178 3.1463262 3.2561343 3.2617201 2.8336927 2.5363438 3.0624787 2.3667858 2.4777191 2.7837287 3.1273911 2.5356898 2.8005413 2.8392834 2.6332683 2.7893908 3.4964766 2.3586148 2.6076180 2.4209274 2.7911053 2.7247844 2.8405792 2.4909822 2.3744192 2.7478120 2.7017659 2.6397480 2.4303344 2.7684834 2.6915881 2.7209831 2.5461531 2.6838106 3.4765105 3.5075487 3.9193592 3.8878947 4.4551043 3.4146575 3.4400539 3.7463828 4.0234458 3.9444026 3.7076168 3.9334188 4.2509923 3.4527724 3.5535250 3.7138261 3.4245271 4.7779133 5.6467722 4.0499345 3.6641388 7.6768659 6.3494706 7.6312369 5.5856173 5.8201752 6.1906569 5.3593823 6.5992527 6.3773181 6.4271663 6.5820990 5.2411887 6.2463761 6.3625782 5.5207865 6.4715198 6.8663409 6.1560456 6.9615064 5.2345512 6.6930453 6.5287613 6.4259864 6.2069268 6.0810623 6.1234459 6.0028055 7.2092797 5.6985163 6.3359872 5.4146011 5.9277784 5.6676423 5.8135914 6.3281194 5.4171402 5.1432872 4.9209030 3.7804459 4.5347173 7.0079374 6.6111345 5.5047631 7.4648290 6.8545452 6.2702749 6.2218089 6.6543775 6.9190655 6.1024795 6.8288970 6.2758563 5.7077236 5.9074180 5.5947447 5.8944195 8.1084834 6.0895541 6.1818681 6.0783457 4.9195749 5.9000858 3.7747043 3.7380657 3.7520777 7.1762561 5.3020648 5.0414621 6.5690224 4.6482930 6.6087081 
Scon-opn5a_AA                                     2.6669966 1.8209899 1.8634811 2.1558540 2.2577359 1.7104658 2.0043478 1.2338904 1.2379369 1.1556796 1.2604049 0.0000000 0.0000010 4.3283780 4.4099626 4.1302851 3.6095454 4.2512487 3.3708304 3.6177490 3.5852245 4.1818674 4.2346143 2.7393531 3.2979182 3.0867467 3.2830134 2.6832524 2.6264172 2.4850745 2.7907671 2.9144849 2.8812489 3.2737316 2.3973257 2.7372505 2.5981033 2.6207651 2.4756334 2.6240003 2.8214075 3.2141439 2.9544555 2.5593080 3.0955463 3.2533509 2.8986900 2.6728160 3.1762301 2.5353775 3.0478245 2.7975698 2.4378010 2.5237193 3.4230418 3.2235825 2.9177173 2.8796826 3.2073463 2.9573281 2.3304518 2.9710303 3.0981478 2.8080672 2.9563319 2.9224184 3.6770314 2.6302138 2.2456053 2.7107381 2.7107381 2.4491399 2.4491399 2.6955206 2.7097436 3.0422491 3.3132650 3.2115780 3.1672863 3.0636101 3.1462659 3.4320328 2.4303482 2.5276299 2.9216699 2.9281878 2.5026329 2.6696133 2.7009506 2.5511732 2.4616465 3.3218302 2.2357497 2.6211245 2.5119479 2.6162264 2.4630441 2.8138682 2.4532779 2.1745694 2.8419863 2.4259849 2.3087014 2.2393575 2.2199511 2.2618630 2.2760555 2.3564835 2.3182497 3.9668098 3.7480337 4.1537926 3.7601215 4.3927382 3.7916694 3.8684831 3.9553630 4.2309529 3.4588422 3.2313840 3.4213716 4.3137209 3.5350688 3.4790498 3.6733610 3.6950742 4.1952194 5.3634884 3.8379313 3.5633405 6.2261276 5.1865314 6.0782002 5.2929398 5.4290137 5.4617245 5.4203576 5.6223455 4.9925142 7.2268316 5.6379477 5.1665762 6.2067495 5.9559767 5.3384914 5.3430676 5.6281726 5.1396149 6.0174356 4.6221857 5.7610438 5.8377765 5.9529889 5.3456345 5.5011739 6.0718469 5.5504383 6.8501459 5.8992005 5.2628851 5.3378200 6.9432978 5.0919294 5.9229178 4.7669946 5.0866065 4.8420104 4.4826692 3.7509833 4.0834506 5.8694990 5.7567662 6.6296388 5.8592866 5.7233061 5.2642769 5.0917065 6.4175670 5.4460620 5.0929679 5.6126864 5.0237139 5.6746086 6.5751149 5.5217120 6.5105319 7.2198555 4.8714111 5.6677315 5.9489257 4.6899214 5.9915213 3.5966939 3.7440162 3.6697180 6.6596851 5.1302558 5.1853652 5.5108537 4.7778275 6.0153955 
Scon-opn5b_AA                                     2.6669966 1.8209899 1.8634811 2.1558540 2.2577359 1.7104658 2.0043478 1.2338904 1.2379369 1.1556796 1.2604049 0.0000010 0.0000000 4.3283780 4.4099626 4.1302851 3.6095454 4.2512487 3.3708304 3.6177490 3.5852245 4.1818674 4.2346143 2.7393531 3.2979182 3.0867467 3.2830134 2.6832524 2.6264172 2.4850745 2.7907671 2.9144849 2.8812489 3.2737316 2.3973257 2.7372505 2.5981033 2.6207651 2.4756334 2.6240003 2.8214075 3.2141439 2.9544555 2.5593080 3.0955463 3.2533509 2.8986900 2.6728160 3.1762301 2.5353775 3.0478245 2.7975698 2.4378010 2.5237193 3.4230418 3.2235825 2.9177173 2.8796826 3.2073463 2.9573281 2.3304518 2.9710303 3.0981478 2.8080672 2.9563319 2.9224184 3.6770314 2.6302138 2.2456053 2.7107381 2.7107381 2.4491399 2.4491399 2.6955206 2.7097436 3.0422491 3.3132650 3.2115780 3.1672863 3.0636101 3.1462659 3.4320328 2.4303482 2.5276299 2.9216699 2.9281878 2.5026329 2.6696133 2.7009506 2.5511732 2.4616465 3.3218302 2.2357497 2.6211245 2.5119479 2.6162264 2.4630441 2.8138682 2.4532779 2.1745694 2.8419863 2.4259849 2.3087014 2.2393575 2.2199511 2.2618630 2.2760555 2.3564835 2.3182497 3.9668098 3.7480337 4.1537926 3.7601215 4.3927382 3.7916694 3.8684831 3.9553630 4.2309529 3.4588422 3.2313840 3.4213716 4.3137209 3.5350688 3.4790498 3.6733610 3.6950742 4.1952194 5.3634884 3.8379313 3.5633405 6.2261276 5.1865314 6.0782002 5.2929398 5.4290137 5.4617245 5.4203576 5.6223455 4.9925142 7.2268316 5.6379477 5.1665762 6.2067495 5.9559767 5.3384914 5.3430676 5.6281726 5.1396149 6.0174356 4.6221857 5.7610438 5.8377765 5.9529889 5.3456345 5.5011739 6.0718469 5.5504383 6.8501459 5.8992005 5.2628851 5.3378200 6.9432978 5.0919294 5.9229178 4.7669946 5.0866065 4.8420104 4.4826692 3.7509833 4.0834506 5.8694990 5.7567662 6.6296388 5.8592866 5.7233061 5.2642769 5.0917065 6.4175670 5.4460620 5.0929679 5.6126864 5.0237139 5.6746086 6.5751149 5.5217120 6.5105319 7.2198555 4.8714111 5.6677315 5.9489257 4.6899214 5.9915213 3.5966939 3.7440162 3.6697180 6.6596851 5.1302558 5.1853652 5.5108537 4.7778275 6.0153955 
Obim-RTC_AA                                       4.3101428 4.5085309 3.9399449 4.1863977 4.8106708 4.1397633 5.0030253 3.6112679 3.5907018 3.7078313 3.7003446 4.3283780 4.3283780 0.0000000 2.9589116 3.0245387 2.8350826 3.1067592 2.8749527 3.0713026 2.6817056 4.3020535 4.2738587 3.3904900 2.9676059 3.1742120 2.9429988 2.5400967 3.2894632 3.6071149 3.5843483 3.8926778 4.1461476 4.9460350 3.7250716 3.5546644 3.3303461 4.0098792 3.7264880 3.9807130 3.3527441 3.6119643 3.8729888 3.2703028 4.0899242 3.5802988 3.5114023 3.3873507 3.6614522 4.0181096 3.7344659 3.8466093 4.0032213 3.8780775 4.0666585 4.1969070 4.4919182 3.7756190 3.8530888 3.7323249 3.2934551 3.7189044 3.7840013 3.8669980 3.7806862 3.8081279 4.6096373 3.9301035 3.7548771 3.4917179 3.4917179 3.8879698 3.8879698 3.9645175 3.9886240 3.7710180 3.7191637 4.5187054 5.3245619 3.9564349 3.4013105 4.9135912 3.2032216 3.4244287 3.4015142 4.1035939 3.9099715 4.1553479 4.3446087 3.8440101 3.9075249 4.9791701 4.0583500 4.0750489 3.7486703 4.1880521 4.4786910 4.0212697 3.4361025 3.6763326 3.9633033 3.9553325 4.0503036 3.6445135 3.7039779 3.6779394 3.9893838 3.4388752 3.8615456 5.4152185 5.3158109 5.2990117 5.4831214 7.3290917 5.5241059 5.3912170 6.3748281 5.7478275 4.8019965 5.3569556 5.0677285 5.3748694 5.0485451 4.8871982 5.6927685 4.7615262 6.7388868 7.1264950 5.7091543 4.9658869 8.9999987 8.9999987 8.9999987 7.2972068 8.9999987 8.9999988 7.6808633 8.1413993 8.9999990 8.9999989 8.9999988 8.9999982 8.9999982 8.6892507 6.6577136 8.9999986 8.9999985 8.5498870 8.5314704 8.9999987 8.9999987 8.9723755 8.9999982 8.9999982 8.1337169 8.9999985 8.9999983 8.9999987 7.9821251 8.9999987 8.6898025 8.9999989 8.9999988 8.9999988 8.5531164 6.6462018 5.0795841 6.3200459 6.3324146 6.8876378 8.9999983 8.9999984 8.9870763 8.9999988 8.9999989 8.9901928 8.9999988 8.7041616 8.9999981 8.9999985 8.9999990 8.8667147 8.5064107 8.9999985 8.9999986 8.9999983 8.9999980 8.9999990 8.9999982 8.9999983 6.4338985 7.2427365 6.0306311 4.6094324 4.7862859 6.7320485 6.8032073 6.9634588 8.9999983 7.0889758 7.6220135 
Acal-RTC_AA                                       3.2762832 6.0836908 3.9272343 4.5772720 5.2387031 4.0184859 3.8331531 4.3497432 4.9014192 4.4412412 4.6192716 4.4099626 4.4099626 2.9589116 0.0000000 0.5771871 1.2901845 1.0533795 2.4181646 2.1037267 2.0326490 3.7035425 3.7659222 3.2453509 3.3800038 3.7424794 2.8728214 3.2281357 3.4844762 3.8688048 3.7904641 3.9305969 3.7695576 4.8730363 3.8500766 3.2195355 3.4070051 3.9299727 3.9190465 3.9447877 3.9490584 3.7985812 3.4425299 3.8631195 4.0815256 3.3178227 3.8004584 3.4587335 4.1560538 4.4683981 3.8429551 4.7228286 3.6890563 4.3338892 4.1106953 4.3637570 3.9104317 4.2297061 3.8878400 4.0647226 3.3199688 3.5883642 3.6005828 3.8241133 3.6408210 3.6908184 3.8334382 3.8681547 3.6893584 3.8732334 3.8732334 4.1688605 4.1688605 3.7950855 4.0934052 4.1587455 4.5271409 4.7344293 4.6761138 4.0753369 3.3694563 4.0782362 4.0421802 3.9762545 3.9554508 4.0500672 3.6923363 3.4738780 3.8588167 3.6821946 3.6262745 4.2040125 3.9832734 3.6703446 3.3075811 3.5818219 4.1006143 3.6099143 3.5769129 3.4870135 3.8552260 3.5259696 3.7262816 3.3643147 3.6651021 3.4264430 3.3042271 3.2358282 3.7446560 5.0274283 5.1008815 5.5932695 4.9558618 5.8186519 5.0651873 4.4674064 5.2950837 4.9267811 5.0773877 5.0947912 4.6544768 4.4387283 4.5907829 4.7349876 4.9360474 5.1220652 6.6279769 7.8291432 5.7839042 4.9306826 7.1602775 8.9999989 8.0640061 8.9999986 6.7132126 8.9999983 7.1269915 8.9999981 8.8124332 5.9048307 7.5698015 7.8942138 8.3337489 8.6216072 8.3870456 8.9999981 7.7702243 8.0608453 7.5139994 8.7572587 7.2371811 7.3776876 8.9999988 8.9999983 8.0324890 6.8985380 8.2377201 8.6684433 7.7023887 8.9999987 8.9999990 8.2377073 8.9999986 7.8182972 8.9999988 6.3537197 6.3155671 6.1578941 5.9088808 6.4304532 7.9562335 8.4407378 7.1907995 7.9761780 8.9999985 8.8939093 8.8016399 7.6390546 6.9298770 8.9999987 8.2208672 8.9999988 8.9999982 8.0820854 8.9999989 6.9820445 7.7874831 8.4369966 8.3023202 7.5586297 7.3393658 7.7918161 5.6778528 4.6822861 4.7739784 5.9744325 8.2354206 6.6726142 8.9999990 5.8745964 7.9195519 
Bgla-RTC_AA                                       3.7920311 5.2311199 3.9993021 4.5090578 5.5127668 4.1165528 3.8134112 4.1408192 4.3584214 3.8665020 4.0385273 4.1302851 4.1302851 3.0245387 0.5771871 0.0000000 1.3883627 1.0027675 2.4422585 2.2510652 2.1297669 3.5797202 3.6442428 3.1915246 3.3690878 3.4535747 2.9218523 3.3977034 3.3639355 3.5056590 3.7967717 3.5265610 3.3813788 4.7794789 3.8728739 3.2230965 3.2596946 3.7641466 3.7791400 3.8123068 3.8573430 3.4769876 3.3777523 3.7041284 3.5310561 3.4876377 3.6596266 3.1525363 3.3895422 4.1868029 3.7396867 4.7034807 3.5336717 3.7737010 3.8746658 4.1796483 3.9761756 4.1227748 3.6275913 3.7135139 2.9464064 3.2531527 3.4458851 3.4542093 3.1720208 3.1954059 4.0073914 3.7775907 3.3916260 3.5480461 3.5480461 3.9343736 3.9343736 3.7910583 3.8963068 3.6822953 4.2874634 4.6737124 4.3806410 3.7461043 3.2929257 3.6540459 3.4989392 3.4372067 3.6034711 3.8625554 3.5752226 3.4949896 3.6466914 3.9136056 3.7678325 4.2554062 3.9268036 3.3528580 3.3769965 3.5496787 3.8083144 3.5531341 3.4042593 3.3332868 3.4974419 3.3389421 3.7939497 3.3284396 3.4776737 3.3081355 3.2180677 2.9663957 3.3608331 5.2567949 5.3469126 5.4376702 4.9078902 5.2938352 4.8512534 4.1999866 4.9579816 4.5367073 4.6809713 4.9492981 4.2199522 4.7213903 4.2682337 4.3026658 4.9142728 5.2948968 6.2396808 7.2876201 5.0736219 4.5117299 7.2327959 8.1630604 7.1434185 8.9213514 6.6805285 8.6719517 6.8751796 7.7388327 7.2483586 6.3772031 6.9191842 7.6756430 8.4425441 7.4307480 7.1289828 8.7061910 6.6212921 6.6209816 7.0379164 8.1911973 7.2435726 6.9466412 8.9999987 8.9999989 6.8855007 6.5904762 7.1961521 8.4169499 7.6732625 8.9999983 7.6554398 7.4698752 8.7030397 7.9579284 8.9999983 6.0501570 5.5857038 6.2424231 5.6532097 6.8866952 7.1492471 7.6974610 6.8480546 7.2092790 8.9999983 7.7674052 7.8259312 7.7773191 6.2921179 8.4959868 7.9881065 8.0222104 8.2268070 7.8056378 8.9999989 7.3118414 7.5439268 7.3865449 7.0838424 7.9177747 6.5168368 7.7863003 4.8132490 4.7434047 4.9723513 6.1877990 6.9264923 7.2839160 8.4248365 5.4953677 7.6479985 
Lgig-RTC_AA                                       3.4085581 4.3520943 3.8297363 3.8573138 4.0692076 4.0145945 3.9422351 3.6003160 4.1558621 3.7098562 4.0660531 3.6095454 3.6095454 2.8350826 1.2901845 1.3883627 0.0000000 1.2225415 1.9454798 1.9209082 1.7579494 2.9948442 3.0607574 2.5662670 2.8502218 2.7808860 2.7911740 2.5610997 2.9222487 3.3372566 3.5883193 3.0524888 2.9652014 4.6883206 3.8268830 3.2513174 3.8828643 3.2027369 3.6414052 3.7814186 3.4799198 3.3474443 3.1752686 3.0843685 3.3361096 3.4105234 3.0920820 3.1771663 3.3441188 3.3841092 3.4116393 3.7549248 3.7026723 3.9186016 3.2520984 3.3357965 3.7010733 3.7625216 3.4330210 2.9900932 2.5806665 3.2481610 3.4994898 3.5606371 3.5366480 3.5338344 4.7610749 3.1994133 2.7696294 3.2690252 3.2690252 3.8533935 3.8533935 3.4203359 3.3991640 3.9489499 4.0742472 4.3926035 4.9266198 3.6601245 3.4382494 4.0156609 3.3351816 3.4466466 3.8359871 4.1435945 3.5054134 3.2361652 3.7348234 3.5130375 3.4751990 3.7738858 3.8210936 3.4128075 3.0134938 3.8713073 3.2540628 3.4436439 3.3207500 2.9086356 3.6358668 3.4598652 3.6415135 3.1745128 3.4367893 3.3162387 3.0888445 2.6708200 3.1644593 5.2352965 4.8608408 5.6567831 4.5895897 4.8953181 4.9024101 4.6930669 4.8756304 4.8625209 4.3809073 4.0340786 4.3846267 4.4547661 4.3750005 4.1022913 4.4674476 5.6313555 5.8242438 7.5898166 4.8414953 5.2679584 7.6869942 8.9999987 7.7872582 8.0848743 7.9408359 8.1253152 8.9999989 8.9882188 8.9999987 6.7550115 7.6788665 7.3394114 7.2674507 8.4718310 7.4843454 8.9999987 7.2103824 7.5477942 7.9061347 8.9999986 6.9826776 7.3289486 8.9999985 8.9999990 8.4570935 7.2113717 7.2603683 7.7725446 6.7376365 8.9999982 8.9999988 8.0778304 8.9999982 7.9037220 8.9784606 6.9060740 5.1112708 6.3397992 5.8682415 5.9687893 7.9338262 8.1825513 7.4512324 8.2357612 8.9999988 8.9999981 8.9999983 8.3244628 7.1502288 8.9999987 7.6586212 8.9999989 8.9999988 8.2537240 8.9999983 8.2485687 7.7188813 8.9999988 7.3046244 6.8546981 7.6457842 7.6462208 5.1645047 4.4972387 4.2755977 6.3371734 7.0986527 5.3839003 8.9999984 6.9371221 7.3981966 
Pcan-RTC_AA                                       3.3124786 5.6542271 3.7935731 4.2553624 4.6428804 4.0663833 3.7757825 4.1170365 4.0204109 3.7613979 4.1562051 4.2512487 4.2512487 3.1067592 1.0533795 1.0027675 1.2225415 0.0000000 2.1205359 1.8717810 1.7562175 3.3905651 3.4138597 3.1782802 3.0179969 3.1026005 2.6160079 3.0455574 3.3784113 3.6333379 3.8956533 3.3848855 3.3288020 4.6190960 3.3364905 3.2334468 3.8243302 3.7846387 3.9642975 3.8932169 3.6446530 3.7453471 3.2688085 3.7314991 4.0117182 3.8741917 3.3511292 3.2393976 4.0195443 4.3191565 4.3251610 4.7658397 3.8415021 3.8478711 3.6022342 3.6363196 4.2617667 4.2086431 3.4704089 3.2867238 3.3040981 3.2240771 3.4301068 3.7315293 3.5250417 3.5735526 3.9228058 3.7990646 3.4433191 4.0230847 4.0230847 4.5418110 4.5418110 4.1334845 4.1986101 4.0125162 4.5665931 4.4494227 4.6338699 3.8244188 3.4736528 3.7309295 3.3831446 3.4507393 3.4957658 4.0766812 3.5403103 3.1630392 3.1973549 3.5060587 4.0520470 3.5301499 3.9830144 3.5163337 3.3118393 3.3098266 3.4313938 3.5064611 3.4075019 3.1998522 3.6731670 3.3952355 3.6516350 3.1780863 3.2040809 3.0068822 3.2443328 3.0060844 3.1166373 5.1119678 4.5768556 4.8765075 4.8619827 5.3561930 4.6531443 4.4952051 5.6741578 4.8837093 4.8440241 4.5877963 4.9419215 4.8255013 4.8301815 4.5425869 4.5137947 5.6005864 6.3814105 7.5776459 5.6476014 5.2197445 6.7443045 8.2009522 7.5210743 8.1577697 6.4392517 8.1082183 7.1670486 7.8336085 8.5852343 6.7018478 6.9558395 8.6009163 8.1142257 7.8405568 7.6124779 8.9999985 6.6577552 7.3490625 7.3830475 8.3365849 6.9957702 7.1850694 8.9999985 8.9999987 7.5312569 7.2186375 7.0180524 7.5606418 7.7468404 8.2440726 7.9863461 7.5182842 8.9889928 8.6271976 8.5349604 6.5279992 5.1291421 5.8498632 6.0470482 6.8870867 7.0392155 7.5416654 8.0053378 7.8380858 8.9999989 8.6169618 8.3584766 7.3681803 6.3804476 8.9999989 8.5716728 8.4073554 8.1191621 8.3248092 8.9999987 7.8027007 8.6859834 8.6487658 6.7979053 7.5676929 7.1092215 7.8651143 5.3464732 4.4615950 4.3443804 7.1627127 7.3100737 6.8241016 8.9999985 6.4934510 7.0208788 
Cgig-RTC_AA                                       3.4946500 6.1019231 3.9689055 5.2536465 5.2634949 4.0784480 4.4365253 3.8754186 3.7728477 3.4749031 3.5861856 3.3708304 3.3708304 2.8749527 2.4181646 2.4422585 1.9454798 2.1205359 0.0000000 1.0519892 0.9055710 3.2377377 3.2461133 2.7252337 3.6244363 3.2318416 3.0321731 3.1498742 3.4766588 3.8190944 3.8222494 3.2728263 3.5152220 4.8866399 3.6429191 3.6097061 3.7929500 3.7397769 4.0148694 4.0065560 3.9011372 4.0966779 4.1282876 3.2675029 4.0413267 3.9063745 3.7484189 3.8415484 3.7285923 3.9129891 3.7231625 4.3133349 4.2063225 3.6630157 4.1468142 4.2235048 3.9709878 4.6999186 4.5674948 3.9055623 3.2553076 4.1595315 3.8920290 3.7610023 4.4713903 4.5738973 4.7141266 3.6053433 3.3493612 4.1601667 4.1601667 4.2433795 4.2433795 4.1350191 3.9876009 4.3509790 4.9117458 4.9603815 5.2261256 4.2857240 4.0502227 4.3075193 3.3830869 3.6778756 3.5233954 4.2478840 3.5261572 3.7075071 4.3214085 3.9355925 3.7311077 4.0827714 3.9294706 3.7945118 3.7547978 3.5934054 3.9153934 4.3736251 3.1231289 3.0407057 3.8773101 3.7410161 3.7420521 3.2369983 3.2734744 3.2305943 3.3899040 3.1883351 3.2724726 6.2319960 5.2168906 5.7464254 5.3080055 6.9744137 5.4506283 5.2723773 5.9877835 5.5060305 5.5032443 5.2959449 5.6104653 5.5405602 4.9842083 4.8107075 5.5858768 5.4249058 5.9595357 6.6052097 5.0554337 4.7649645 6.8781450 7.5691331 7.4665761 6.9770083 7.2972335 8.1471949 8.2464217 8.9999983 8.0072917 8.9999988 7.7350312 8.0656829 8.3188580 8.9999986 7.6631729 8.9999989 7.1964675 7.4768093 7.3921564 7.7641605 7.1850416 7.0488369 8.3023602 8.9999984 8.9999984 7.8447701 7.3956640 8.4694766 7.1075930 8.1371790 8.7500066 8.3872291 8.2689558 8.0546906 8.7299099 7.5825930 6.2283790 6.7577443 6.6962857 7.5923295 8.0390735 7.5003847 7.5426739 7.3914577 8.9999984 7.5062260 7.6433629 7.5342769 7.0090763 8.9999983 8.3415448 7.8208265 8.9999990 8.7502439 7.3580783 8.4936460 8.2710266 8.1877522 7.5053864 7.4019423 8.2314775 6.8946187 5.4768080 5.0554658 5.1488067 8.9999988 7.6195169 7.4576910 7.9572276 6.9542578 7.6438452 
